0 0 0 1 0
1 0.991085956966363 0.0158730158730159 0.0209439062272504 0.0158730158730159
0.0200896230351733 0.988124080484412 0.0317460317460317 0 0.0317460317460317
0.0203643682996267 0.00811795004526678 0.0476190476190476 0.00834169933520423 0.0476190476190476
1 0.00203844221657545 0.0634920634920635 0 0.0634920634920635
0.989633690011763 1 0.0793650793650793 1 0.0793650793650794
1 0.0201039471366104 0.0952380952380952 0.993951152418667 0.0952380952380952
0 1 0.111111111111111 1 0.111111111111111
0.569729538319507 0.673756988826798 0.126984126984127 0.144608546764329 0.126984126984127
0.740508441828263 0.506188876414957 0.142857142857143 0.95463554131274 0.142857142857143
0.21216619505019 0.4999207557508 0.158730158730159 0.822468905139526 0.158730158730159
0.495395316376307 0 0.174603174603175 0.756747852721397 0.174603174603175
0.98186804025498 0.341510951499366 0.19047619047619 0.444538237029683 0.19047619047619
0.512216264281343 0.0837998389894862 0.206349206349206 0.223663561544134 0.206349206349206
0.0521211449860433 0.48717706273135 0.222222222222222 0.29236155439593 0.222222222222222
0.52490469871897 0.950281417536813 0.238095238095238 0.668516949478996 0.238095238095238
0.807538284118783 0 0.253968253968254 0.630539216445631 0.253968253968254
0.487778878681983 0.770067823706873 0.26984126984127 0.967635315000819 0.26984126984127
0.320076435206383 0.336120502344663 0.285714285714286 0.182526640429531 0.285714285714286
0.920745282387627 0.287094816465729 0.301587301587302 0.777755008240968 0.301587301587302
0.805708419235813 0.667364370424978 0.317460317460317 0.591290981278138 0.317460317460317
0.489513319081363 0.952993641623947 0.333333333333333 0.321838747944924 0.333333333333333
0.35085728041535 0.686919917977169 0.349206349206349 0.460832767821659 0.349206349206349
0.04296114631083 0.329293318246405 0.365079365079365 0.0107008540128315 0.365079365079365
0.965646273241977 0.793544092074642 0.380952380952381 0.274289820106745 0.380952380952381
0.491865687317937 0.238082144758908 0.396825396825397 0.989995378374547 0.396825396825397
0.909310432722967 0 0.412698412698413 0.323422075609984 0.412698412698413
0.127467638626707 0.163856232015745 0.428571428571429 0.540902472464623 0.428571428571429
0.646421048596183 0.434932824264028 0.444444444444444 0.399012650348257 0.444444444444444
0.199367946386913 0.915796632234757 0.46031746031746 0.69472767408407 0.46031746031746
0.52738631255855 0.548526118470355 0.476190476190476 0.702706651355345 0.476190476190476
0.771202711808823 0.347128569195201 0.492063492063492 0 0.492063492063492
0.79404445238762 0.138411986326117 0.507936507936508 0.093907210519074 0.507936507936508
0.264625112055823 0.862776161775688 0.523809523809524 0.926947442297902 0.523809523809524
0.659169788066837 0.28695825597529 0.53968253968254 0.228352645177278 0.53968253968254
0.27283876781268 0.47207131125934 0.555555555555556 0.446867232431393 0.555555555555556
0.607731739673077 0.770129095291611 0.571428571428572 0.748587757661365 0.571428571428571
0.38448606602782 0.709196795601511 0.587301587301587 0.769191400727471 0.587301587301587
0.851794744287917 0.592968211275588 0.603174603174603 0 0.603174603174603
0.75195700515656 0.92003058420101 0.619047619047619 0.995459042135904 0.619047619047619
0 0.213960951239731 0.634920634920635 0.185386060158391 0.634920634920635
0.421736671779353 0.526772656556308 0.650793650793651 0.0667998742149477 0.650793650793651
0.569834635118727 0.728811472418704 0.666666666666667 0.362278291943196 0.666666666666667
0.44339675169913 0.505342916758169 0.682539682539683 1 0.682539682539683
0.948589211061253 0.293216517809858 0.698412698412698 0.232102647651395 0.698412698412698
0 0.349349464199846 0.714285714285714 0.512960563007609 0.714285714285714
0.02239643100382 0.591198586481726 0.73015873015873 0.702810155582813 0.73015873015873
0.689388599520417 0.088067246414977 0.746031746031746 0.816813168260808 0.746031746031746
0.775993888463083 0.397730861438215 0.761904761904762 0.671897370688619 0.761904761904762
0.469936793764927 0.512868513152396 0.777777777777778 0.291962814093433 0.777777777777778
0.452865654132077 0.274886046782558 0.793650793650794 0.402222061080194 0.793650793650793
0.809761127246677 0.567220199362952 0.80952380952381 0.381434849813282 0.80952380952381
0.284346333573923 0.249373546199942 0.825396825396825 0.714782095188922 0.825396825396825
0.86399540978672 0.303713799406333 0.841269841269841 1 0.841269841269841
1 0.615126318622756 0.857142857142857 0.773640196237158 0.857142857142857
0.910178515628637 0.969900304203722 0.873015873015873 0.518772057664006 0.873015873015873
0.00215336999106996 0.768751176070505 0.888888888888889 0.89058518838521 0.888888888888889
0.709363994243293 0.140283360012484 0.904761904761905 0.495741049293497 0.904761904761905
0.572104362572147 0.213255466918887 0.920634920634921 0.671577933485769 0.92063492063492
0.683833012078887 0.912104888005953 0.936507936507937 0.18213905515822 0.936507936507937
0.316757083501763 0.0924143307843162 0.952380952380952 0.870623191931287 0.952380952380952
0.0725325488384833 0.267200705788861 0.968253968253968 0.929975273375762 0.968253968253968
0.768427027479213 0.879158396846158 0.984126984126984 0.390408566683335 0.984126984126984
0.304576395366893 0.77779179894979 1 0.0996914746709178 1
