0.4781
0.40469
0.47349
0.43632
0.44985
0.65671
0.44421
0.32549
0.58322
0.37957
0.36736
0.41216
0.39028
0.4638
0.40708
0.43337
0.34656
0.34648
0.42418
0.36828
0.50526
0.36885
0.27435
0.26797
0.3261
0.24954
0.55689
0.29923
0.3139
0.23177
0.35188
0.27463
0.4552
0.42531
0.22615
0.17564
0.17418
0.30316
0.31955
0.29406
0.2759
0.24496
0.21301
0.32041
0.26794
0.2394
0.25218
0.24737
0.75924
0.32384
0.25333
0.26762
0.25661
0.44705
0.28602
0.19008
0.28998
0.22172
0.2044
0.64359
0.14568
0.1486
0.33985
0.19892
0.29113
0.18832
0.41247
0.17091
0.12687
0.19656
0.15902
0.07225
0.23518
0.29536
0.28341
0.14579
0.11306
0.068351
0.21076
0.23922
0.20416
0.17242
0.056811
0.53333
0.35029
0.12013
0.16039
0.24019
0.18239
0.11258
0.20455
0.18774
0.14813
0.19504
0.086218
0.44892
0.6521
0.35547
0.40409
0.075927
0.16299
0.13904
0.17695
0.1391
0.17161
0.10328
0.14444
0.07601
0.22891
0.24821
0.056856
0.13965
0.23373
0.42184
0.1614
0.03112
0.18616
0.17985
0.19881
0.21949
0.10357
0.15456
0.18305
0.18643
0.14206
0.19991
0.1591
0.14651
