3.5699
3.4885
3.5046
3.4673
3.4823
3.441
3.4713
3.2674
3.4491
3.3228
3.3203
3.2872
3.1578
3.2655
3.1253
3.1494
2.9476
2.9353
3.0021
2.9413
3.0881
2.8158
2.6171
2.4767
2.5729
2.3933
3.0473
2.3917
2.4342
2.1316
2.4486
2.1897
2.6869
2.5957
1.9687
1.6842
1.6776
2.1187
2.1367
2.0184
1.9368
1.8095
1.68
2.0149
1.8265
1.7006
1.7009
1.6798
2.8227
1.898
1.6305
1.6391
1.5801
2.2723
1.6512
1.2894
1.6352
1.3414
1.2614
2.7627
1.0285
1.0366
1.7299
1.1643
1.5215
1.1014
1.9469
1.0002
0.82371
1.0741
0.90314
0.52455
1.2249
1.4475
1.3829
0.80312
0.64402
0.4531
1.0489
1.1543
0.99873
0.8612
0.3615
2.2122
1.5668
0.62503
0.78532
1.1021
0.87744
0.57285
0.94756
0.8788
0.70156
0.90612
0.4483
1.8528
2.488
1.5192
1.6841
0.39603
0.73688
0.64109
0.79579
0.64359
0.77369
0.48492
0.65058
0.36806
0.98633
1.0515
0.28814
0.62765
0.99346
1.6654
0.70938
0.11408
0.79594
0.76572
0.84272
0.91428
0.46814
0.66201
0.77692
0.78382
0.61687
0.8328
0.67692
0.62849
