"","location","gamma","z0","L","deposition"
"1",1,0.1,0.001,-1,0.000116483764445248
"2",1,0.4,1.98218082797576,-489.548990792602,0.000118404427885887
"3",1,0.106026886910552,1.97626003688834,-500,0.000136717983980323
"4",1,0.106109310489888,0.0172277821404883,-495.837492031733,6.24304077874507e-06
"5",1,0.4,0.00507484599093432,-500,1.17845780554163e-06
"6",1,0.396890107003529,2,-1,0.00662560903221391
"7",1,0.4,0.0411877903260842,-4.01837494308512,0.000381339673130186
"8",1,0.1,2,-1,0.00395081203084402
"9",1,0.270918861495852,1.34784022066477,-427.8403351646,9.53559439665472e-05
"10",1,0.322152532548479,1.0128715639535,-23.6368648849427,0.000710053733857535
"11",1,0.163649858515057,1.00034159074585,-89.5880163353766,0.000241641656903377
"12",1,0.248618594912892,0.001,-122.382821492023,3.18066924499725e-06
"13",1,0.394560412076494,0.683680392047233,-278.175419722188,6.39347375398401e-05
"14",1,0.253664879284403,0.168515878139983,-388.391882789477,1.49822279812862e-05
"15",1,0.115636343495813,0.974866948399969,-354.111584356431,8.93312675417883e-05
"16",1,0.257471409615691,1.90061255365609,-166.410042209981,0.000246885104802153
"17",1,0.342261485235635,0.001,-185.36093099363,1.72184501801528e-06
"18",1,0.246333663604595,1.54036557959004,-17.1499778145913,0.00117240784759846
"19",1,0.196022930561915,0.672904884186981,-408.919206425664,5.43795615855499e-05
"20",1,0.376223584716288,0.574902538114992,-111.900250887757,0.000117766478571703
"21",1,0.341712525770744,1.33506137647953,-204.945800342209,0.00015350287560336
"22",1,0.246853995724409,1.90603428960627,-339.402464775483,0.000152523903751492
"23",1,0.205257184124605,1.37415291603636,-270.044448856992,0.000134553894809297
"24",1,0.112888343893249,0.659257343174564,-494.660273847597,5.15156422607401e-05
"25",1,0.389693881972593,1.58729464005721,-363.129379766734,0.000117198511732627
"26",1,0.247559706195381,0.476926207373057,-5.99230619110108,0.00134227460525739
"27",1,0.37279312981689,0.001,-338.612384270618,1.19537525055458e-06
"28",1,0.138240291588012,0.328548607799474,-230.089666240153,4.64528479854138e-05
"29",1,0.293926314578855,0.870430715703792,-300.89268747622,8.03685339978814e-05
"30",1,0.159810383916074,1.83167746783728,-153.330890632049,0.000261955209089516
"31",1,0.258215893767565,1.09750371082224,-149.349380973683,0.000168586341572703
"32",1,0.331360813542647,0.694910009821207,-500,4.45011157119737e-05
"33",1,0.338213335716286,0.277685560665908,-453.140301950982,1.93255383893957e-05
"34",1,0.179387533616747,1.7256895473896,-37.4532262933469,0.000706864698430902
"35",1,0.297750936420051,0.574629553694605,-386.052030056538,4.55815541994663e-05
"36",1,0.181851630343804,0.944670551207421,-277.013251016735,9.66581528011388e-05
"37",1,0.282319521901923,1.54048806148793,-126.454708926979,0.000253240478509127
"38",1,0.215345819808346,1.41868439440742,-116.173491036992,0.000253813407509982
"39",1,0.355538423286375,1.1863434543399,-500,7.32562715356037e-05
"40",1,0.325587101546968,1.84014113781782,-3.26593797418394,0.00372030541426082
"41",1,0.1,0.428707941528222,-407.492355980963,4.54778685868021e-05
"42",1,0.226521001533806,1.05401854045606,-466.666862766741,7.34918106969638e-05
"43",1,0.270950390535618,1.45789413336499,-319.223132320345,0.000124156882300623
"44",1,0.233019025509739,1.01118049059958,-1,0.00375222561875579
"45",1,0.384576763318376,0.587139819101906,-384.180778821954,4.35724351210768e-05
"46",1,0.1,0.699349578935492,-244.032679059203,9.91052100920035e-05
"47",1,0.106718929301146,1.18280597437697,-149.297732364176,0.000200965738801394
"48",1,0.306816579856125,0.177046425583539,-92.4102290378568,5.12794325435391e-05
"49",1,0.332798166538925,0.796063992014992,-164.723212026379,0.000115439704776771
"50",1,0.240981038129478,1.02622415779164,-354.310555767377,8.5449831532408e-05
"51",1,0.235859696239623,0.550497207518334,-299.291191520983,5.51321922306302e-05
"52",1,0.342928338174003,1.13487317852654,-309.664009943172,9.79713429852124e-05
"53",1,0.185303900072177,0.499497718853684,-143.323734500728,9.23314299693094e-05
"54",1,0.359198622936016,0.60812388501326,-1,0.00470457407710365
"55",1,0.4,1.23063751092689,-113.953542077658,0.000222760491202743
"56",1,0.373053554688591,1.93983070810324,-241.132743225661,0.000188432880992619
"57",1,0.100646010997321,1.53773360096494,-55.5979909957803,0.000551061636795903
"58",1,0.312809198272988,0.281426436664956,-252.625216402545,3.17800582915765e-05
"59",1,0.271631308771644,0.427297678370855,-164.882611190601,6.85982868275873e-05
"60",1,0.305149903623666,1.8242976711239,-409.112611476048,0.000127769125194808
"61",1,0.195027125050529,0.185736247237848,-65.5590272262878,7.99809482269276e-05
"62",1,0.121759764651545,0.535134210871933,-35.9423385854947,0.000353084848139368
"63",1,0.330528108243764,1.75843763529547,-305.186125225016,0.00014845607892659
"64",1,0.191372918610068,1.55580580610063,-450.253954139212,0.000108157948399932
"65",2,0.1,0.001,-1,0.0198129583673226
"66",2,0.4,1.98218082797576,-489.548990792602,0.0365627335369312
"67",2,0.106026886910552,1.97626003688834,-500,0.0316787441850343
"68",2,0.106109310489888,0.0172277821404883,-495.837492031733,0.00571985676801902
"69",2,0.4,0.00507484599093432,-500,0.00286668422999657
"70",2,0.396890107003529,2,-1,0.0827062066840687
"71",2,0.4,0.0411877903260842,-4.01837494308512,0.068669644066668
"72",2,0.1,2,-1,0.0608965534194417
"73",2,0.270918861495852,1.34784022066477,-427.8403351646,0.0327262987744828
"74",2,0.322152532548479,1.0128715639535,-23.6368648849427,0.0815054765745178
"75",2,0.163649858515057,1.00034159074585,-89.5880163353766,0.0462969064761627
"76",2,0.248618594912892,0.001,-122.382821492023,0.00407025084304947
"77",2,0.394560412076494,0.683680392047233,-278.175419722188,0.028318347307545
"78",2,0.253664879284403,0.168515878139983,-388.391882789477,0.0115595134710782
"79",2,0.115636343495813,0.974866948399969,-354.111584356431,0.0278665267212262
"80",2,0.257471409615691,1.90061255365609,-166.410042209981,0.0474976020307272
"81",2,0.342261485235635,0.001,-185.36093099363,0.00325020223088631
"82",2,0.246333663604595,1.54036557959004,-17.1499778145913,0.0839257007313948
"83",2,0.196022930561915,0.672904884186981,-408.919206425664,0.0240777115048055
"84",2,0.376223584716288,0.574902538114992,-111.900250887757,0.0382537680308332
"85",2,0.341712525770744,1.33506137647953,-204.945800342209,0.0415946171629845
"86",2,0.246853995724409,1.90603428960627,-339.402464775483,0.0383526849846654
"87",2,0.205257184124605,1.37415291603636,-270.044448856992,0.0363314210918553
"88",2,0.112888343893249,0.659257343174564,-494.660273847597,0.0215603171678173
"89",2,0.389693881972593,1.58729464005721,-363.129379766734,0.0369361475069064
"90",2,0.247559706195381,0.476926207373057,-5.99230619110108,0.0869623675802226
"91",2,0.37279312981689,0.001,-338.612384270618,0.00300867656458944
"92",2,0.138240291588012,0.328548607799474,-230.089666240153,0.0200936110441128
"93",2,0.293926314578855,0.870430715703792,-300.89268747622,0.0306782772469756
"94",2,0.159810383916074,1.83167746783728,-153.330890632049,0.0447860626863673
"95",2,0.258215893767565,1.09750371082224,-149.349380973683,0.0423982801509489
"96",2,0.331360813542647,0.694910009821207,-500,0.0236422355722718
"97",2,0.338213335716286,0.277685560665908,-453.140301950982,0.0146005867830585
"98",2,0.179387533616747,1.7256895473896,-37.4532262933469,0.0679440497064879
"99",2,0.297750936420051,0.574629553694605,-386.052030056538,0.023220773705242
"100",2,0.181851630343804,0.944670551207421,-277.013251016735,0.0311557717114565
"101",2,0.282319521901923,1.54048806148793,-126.454708926979,0.0502174561739316
"102",2,0.215345819808346,1.41868439440742,-116.173491036992,0.0485544160109695
"103",2,0.355538423286375,1.1863434543399,-500,0.0302840095486353
"104",2,0.325587101546968,1.84014113781782,-3.26593797418394,0.0907981351310178
"105",2,0.1,0.428707941528222,-407.492355980963,0.0184417259577027
"106",2,0.226521001533806,1.05401854045606,-466.666862766741,0.0286128649563721
"107",2,0.270950390535618,1.45789413336499,-319.223132320345,0.0364593275298203
"108",2,0.233019025509739,1.01118049059958,-1,0.0692041647317249
"109",2,0.384576763318376,0.587139819101906,-384.180778821954,0.0234213938050895
"110",2,0.1,0.699349578935492,-244.032679059203,0.0270308190260748
"111",2,0.106718929301146,1.18280597437697,-149.297732364176,0.0383083575201132
"112",2,0.306816579856125,0.177046425583539,-92.4102290378568,0.0230447276512931
"113",2,0.332798166538925,0.796063992014992,-164.723212026379,0.0370879819332232
"114",2,0.240981038129478,1.02622415779164,-354.310555767377,0.0307655794073739
"115",2,0.235859696239623,0.550497207518334,-299.291191520983,0.0245381228983862
"116",2,0.342928338174003,1.13487317852654,-309.664009943172,0.0341689716151115
"117",2,0.185303900072177,0.499497718853684,-143.323734500728,0.0304854411027441
"118",2,0.359198622936016,0.60812388501326,-1,0.0792656909675547
"119",2,0.4,1.23063751092689,-113.953542077658,0.0509504586086226
"120",2,0.373053554688591,1.93983070810324,-241.132743225661,0.0442257169411843
"121",2,0.100646010997321,1.53773360096494,-55.5979909957803,0.0544412472416763
"122",2,0.312809198272988,0.281426436664956,-252.625216402545,0.0184488307587954
"123",2,0.271631308771644,0.427297678370855,-164.882611190601,0.0275900526380937
"124",2,0.305149903623666,1.8242976711239,-409.112611476048,0.0368835105200083
"125",2,0.195027125050529,0.185736247237848,-65.5590272262878,0.0276876262188558
"126",2,0.121759764651545,0.535134210871933,-35.9423385854947,0.0516569713648789
"127",2,0.330528108243764,1.75843763529547,-305.186125225016,0.0397934497078448
"128",2,0.191372918610068,1.55580580610063,-450.253954139212,0.0326238161988927
"129",3,0.1,0.001,-1,0.545458924282417
"130",3,0.4,1.98218082797576,-489.548990792602,0.648667670952138
"131",3,0.106026886910552,1.97626003688834,-500,0.761254434805755
"132",3,0.106109310489888,0.0172277821404883,-495.837492031733,0.133627293119537
"133",3,0.4,0.00507484599093432,-500,0.0530613834028598
"134",3,0.396890107003529,2,-1,0.847360628935578
"135",3,0.4,0.0411877903260842,-4.01837494308512,0.950014932646427
"136",3,0.1,2,-1,0.905386205772211
"137",3,0.270918861495852,1.34784022066477,-427.8403351646,0.653171794206956
"138",3,0.322152532548479,1.0128715639535,-23.6368648849427,1.05133388725562
"139",3,0.163649858515057,1.00034159074585,-89.5880163353766,0.905121048307156
"140",3,0.248618594912892,0.001,-122.382821492023,0.0802154043294978
"141",3,0.394560412076494,0.683680392047233,-278.175419722188,0.545053385237682
"142",3,0.253664879284403,0.168515878139983,-388.391882789477,0.303648285301733
"143",3,0.115636343495813,0.974866948399969,-354.111584356431,0.691718029017555
"144",3,0.257471409615691,1.90061255365609,-166.410042209981,0.840595814647408
"145",3,0.342261485235635,0.001,-185.36093099363,0.0606341656473629
"146",3,0.246333663604595,1.54036557959004,-17.1499778145913,1.10443128787421
"147",3,0.196022930561915,0.672904884186981,-408.919206425664,0.569342001906367
"148",3,0.376223584716288,0.574902538114992,-111.900250887757,0.676885144557252
"149",3,0.341712525770744,1.33506137647953,-204.945800342209,0.726718946297578
"150",3,0.246853995724409,1.90603428960627,-339.402464775483,0.740772753874171
"151",3,0.205257184124605,1.37415291603636,-270.044448856992,0.74622763906573
"152",3,0.112888343893249,0.659257343174564,-494.660273847597,0.57768669370515
"153",3,0.389693881972593,1.58729464005721,-363.129379766734,0.654197433820035
"154",3,0.247559706195381,0.476926207373057,-5.99230619110108,1.0755135576054
"155",3,0.37279312981689,0.001,-338.612384270618,0.0552200628380365
"156",3,0.138240291588012,0.328548607799474,-230.089666240153,0.530827439581845
"157",3,0.293926314578855,0.870430715703792,-300.89268747622,0.612631595702387
"158",3,0.159810383916074,1.83167746783728,-153.330890632049,0.888793365355188
"159",3,0.258215893767565,1.09750371082224,-149.349380973683,0.782532317529535
"160",3,0.331360813542647,0.694910009821207,-500,0.49939488539492
"161",3,0.338213335716286,0.277685560665908,-453.140301950982,0.343360569258818
"162",3,0.179387533616747,1.7256895473896,-37.4532262933469,1.07996000237268
"163",3,0.297750936420051,0.574629553694605,-386.052030056538,0.502732430505665
"164",3,0.181851630343804,0.944670551207421,-277.013251016735,0.687426965445314
"165",3,0.282319521901923,1.54048806148793,-126.454708926979,0.850248734104532
"166",3,0.215345819808346,1.41868439440742,-116.173491036992,0.885547935432298
"167",3,0.355538423286375,1.1863434543399,-500,0.584164048138299
"168",3,0.325587101546968,1.84014113781782,-3.26593797418394,0.984863595787068
"169",3,0.1,0.428707941528222,-407.492355980963,0.522909376149121
"170",3,0.226521001533806,1.05401854045606,-466.666862766741,0.623338728750866
"171",3,0.270950390535618,1.45789413336499,-319.223132320345,0.701978899497621
"172",3,0.233019025509739,1.01118049059958,-1,0.858422262611593
"173",3,0.384576763318376,0.587139819101906,-384.180778821954,0.479780010984859
"174",3,0.1,0.699349578935492,-244.032679059203,0.690480708848984
"175",3,0.106718929301146,1.18280597437697,-149.297732364176,0.862252147440654
"176",3,0.306816579856125,0.177046425583539,-92.4102290378568,0.492926837304208
"177",3,0.332798166538925,0.796063992014992,-164.723212026379,0.67978138426016
"178",3,0.240981038129478,1.02622415779164,-354.310555767377,0.644190857600883
"179",3,0.235859696239623,0.550497207518334,-299.291191520983,0.553734959134249
"180",3,0.342928338174003,1.13487317852654,-309.664009943172,0.638449184133677
"181",3,0.185303900072177,0.499497718853684,-143.323734500728,0.673351753134052
"182",3,0.359198622936016,0.60812388501326,-1,0.831899340741904
"183",3,0.4,1.23063751092689,-113.953542077658,0.800006248646408
"184",3,0.373053554688591,1.93983070810324,-241.132743225661,0.742603926341308
"185",3,0.100646010997321,1.53773360096494,-55.5979909957803,1.06389203280855
"186",3,0.312809198272988,0.281426436664956,-252.625216402545,0.4161165223892
"187",3,0.271631308771644,0.427297678370855,-164.882611190601,0.57974965811356
"188",3,0.305149903623666,1.8242976711239,-409.112611476048,0.690406306584336
"189",3,0.195027125050529,0.185736247237848,-65.5590272262878,0.623455697772871
"190",3,0.121759764651545,0.535134210871933,-35.9423385854947,1.01075181670596
"191",3,0.330528108243764,1.75843763529547,-305.186125225016,0.711432363011454
"192",3,0.191372918610068,1.55580580610063,-450.253954139212,0.701545182909961
"193",4,0.1,0.001,-1,0.000114947129447362
"194",4,0.4,1.98218082797576,-489.548990792602,8.41335975818653e-05
"195",4,0.106026886910552,1.97626003688834,-500,0.000125664756170498
"196",4,0.106109310489888,0.0172277821404883,-495.837492031733,9.90260392871087e-06
"197",4,0.4,0.00507484599093432,-500,1.82961531379365e-06
"198",4,0.396890107003529,2,-1,0.00812169225528876
"199",4,0.4,0.0411877903260842,-4.01837494308512,0.000284486940024348
"200",4,0.1,2,-1,0.00622967048899
"201",4,0.270918861495852,1.34784022066477,-427.8403351646,7.36785164106841e-05
"202",4,0.322152532548479,1.0128715639535,-23.6368648849427,0.000591797374928348
"203",4,0.163649858515057,1.00034159074585,-89.5880163353766,0.000218912668436176
"204",4,0.248618594912892,0.001,-122.382821492023,5.14463378806134e-06
"205",4,0.394560412076494,0.683680392047233,-278.175419722188,4.75479580745678e-05
"206",4,0.253664879284403,0.168515878139983,-388.391882789477,1.33464131353397e-05
"207",4,0.115636343495813,0.974866948399969,-354.111584356431,8.22703017089106e-05
"208",4,0.257471409615691,1.90061255365609,-166.410042209981,0.000198246686850087
"209",4,0.342261485235635,0.001,-185.36093099363,2.77571923212913e-06
"210",4,0.246333663604595,1.54036557959004,-17.1499778145913,0.0011122996066021
"211",4,0.196022930561915,0.672904884186981,-408.919206425664,4.63348871943288e-05
"212",4,0.376223584716288,0.574902538114992,-111.900250887757,8.76939304873784e-05
"213",4,0.341712525770744,1.33506137647953,-204.945800342209,0.000114888243366966
"214",4,0.246853995724409,1.90603428960627,-339.402464775483,0.000120788610300705
"215",4,0.205257184124605,1.37415291603636,-270.044448856992,0.000111989539076196
"216",4,0.112888343893249,0.659257343174564,-494.660273847597,4.74597955434798e-05
"217",4,0.389693881972593,1.58729464005721,-363.129379766734,8.49331329263291e-05
"218",4,0.247559706195381,0.476926207373057,-5.99230619110108,0.00136460269740617
"219",4,0.37279312981689,0.001,-338.612384270618,1.92595151951079e-06
"220",4,0.138240291588012,0.328548607799474,-230.089666240153,4.37335261409273e-05
"221",4,0.293926314578855,0.870430715703792,-300.89268747622,6.26514355478432e-05
"222",4,0.159810383916074,1.83167746783728,-153.330890632049,0.000230968259084442
"223",4,0.258215893767565,1.09750371082224,-149.349380973683,0.000135470404532934
"224",4,0.331360813542647,0.694910009821207,-500,3.3986066138646e-05
"225",4,0.338213335716286,0.277685560665908,-453.140301950982,1.54654544402884e-05
"226",4,0.179387533616747,1.7256895473896,-37.4532262933469,0.000669800669010189
"227",4,0.297750936420051,0.574629553694605,-386.052030056538,3.60287808946053e-05
"228",4,0.181851630343804,0.944670551207421,-277.013251016735,8.22487773209821e-05
"229",4,0.282319521901923,1.54048806148793,-126.454708926979,0.000199618146823326
"230",4,0.215345819808346,1.41868439440742,-116.173491036992,0.000212332517435525
"231",4,0.355538423286375,1.1863434543399,-500,5.38915859267499e-05
"232",4,0.325587101546968,1.84014113781782,-3.26593797418394,0.0041229591872512
"233",4,0.1,0.428707941528222,-407.492355980963,4.37437390916652e-05
"234",4,0.226521001533806,1.05401854045606,-466.666862766741,6.0071473992954e-05
"235",4,0.270950390535618,1.45789413336499,-319.223132320345,9.6297636191258e-05
"236",4,0.233019025509739,1.01118049059958,-1,0.00510595371962314
"237",4,0.384576763318376,0.587139819101906,-384.180778821954,3.26598351918911e-05
"238",4,0.1,0.699349578935492,-244.032679059203,9.43914021800988e-05
"239",4,0.106718929301146,1.18280597437697,-149.297732364176,0.000188252738381513
"240",4,0.306816579856125,0.177046425583539,-92.4102290378568,4.13831925196427e-05
"241",4,0.332798166538925,0.796063992014992,-164.723212026379,8.85765599533676e-05
"242",4,0.240981038129478,1.02622415779164,-354.310555767377,6.96451818355273e-05
"243",4,0.235859696239623,0.550497207518334,-299.291191520983,4.57095000033815e-05
"244",4,0.342928338174003,1.13487317852654,-309.664009943172,7.36668508095542e-05
"245",4,0.185303900072177,0.499497718853684,-143.323734500728,8.04501915438377e-05
"246",4,0.359198622936016,0.60812388501326,-1,0.00557653819334934
"247",4,0.4,1.23063751092689,-113.953542077658,0.000161427875730082
"248",4,0.373053554688591,1.93983070810324,-241.132743225661,0.000137571932284094
"249",4,0.100646010997321,1.53773360096494,-55.5979909957803,0.000554915898993514
"250",4,0.312809198272988,0.281426436664956,-252.625216402545,2.55761966308154e-05
"251",4,0.271631308771644,0.427297678370855,-164.882611190601,5.61910715236935e-05
"252",4,0.305149903623666,1.8242976711239,-409.112611476048,9.69480786055166e-05
"253",4,0.195027125050529,0.185736247237848,-65.5590272262878,7.00138042709932e-05
"254",4,0.121759764651545,0.535134210871933,-35.9423385854947,0.000341057770418453
"255",4,0.330528108243764,1.75843763529547,-305.186125225016,0.000111544234856979
"256",4,0.191372918610068,1.55580580610063,-450.253954139212,9.00775356424518e-05
"257",5,0.1,0.001,-1,0.0609035574823807
"258",5,0.4,1.98218082797576,-489.548990792602,0.0820150039891675
"259",5,0.106026886910552,1.97626003688834,-500,0.0890996121645866
"260",5,0.106109310489888,0.0172277821404883,-495.837492031733,0.0392263563704673
"261",5,0.4,0.00507484599093432,-500,0.019306441614147
"262",5,0.396890107003529,2,-1,0.509386846384418
"263",5,0.4,0.0411877903260842,-4.01837494308512,0.166803492731838
"264",5,0.1,2,-1,0.502325320649452
"265",5,0.270918861495852,1.34784022066477,-427.8403351646,0.0797267942674489
"266",5,0.322152532548479,1.0128715639535,-23.6368648849427,0.224203239026125
"267",5,0.163649858515057,1.00034159074585,-89.5880163353766,0.131504034340368
"268",5,0.248618594912892,0.001,-122.382821492023,0.0284344090019654
"269",5,0.394560412076494,0.683680392047233,-278.175419722188,0.067148415367614
"270",5,0.253664879284403,0.168515878139983,-388.391882789477,0.0345230798948682
"271",5,0.115636343495813,0.974866948399969,-354.111584356431,0.0777898708556619
"272",5,0.257471409615691,1.90061255365609,-166.410042209981,0.120684806782506
"273",5,0.342261485235635,0.001,-185.36093099363,0.0224624062900006
"274",5,0.246333663604595,1.54036557959004,-17.1499778145913,0.273653251504213
"275",5,0.196022930561915,0.672904884186981,-408.919206425664,0.0629752983845501
"276",5,0.376223584716288,0.574902538114992,-111.900250887757,0.0920317881648073
"277",5,0.341712525770744,1.33506137647953,-204.945800342209,0.099073587155993
"278",5,0.246853995724409,1.90603428960627,-339.402464775483,0.0956483321265913
"279",5,0.205257184124605,1.37415291603636,-270.044448856992,0.094755532485427
"280",5,0.112888343893249,0.659257343174564,-494.660273847597,0.0604437389290694
"281",5,0.389693881972593,1.58729464005721,-363.129379766734,0.0845895896705321
"282",5,0.247559706195381,0.476926207373057,-5.99230619110108,0.322793722942831
"283",5,0.37279312981689,0.001,-338.612384270618,0.0207410739569506
"284",5,0.138240291588012,0.328548607799474,-230.089666240153,0.0571099901478561
"285",5,0.293926314578855,0.870430715703792,-300.89268747622,0.0751403620535112
"286",5,0.159810383916074,1.83167746783728,-153.330890632049,0.126157837302649
"287",5,0.258215893767565,1.09750371082224,-149.349380973683,0.107837662573504
"288",5,0.331360813542647,0.694910009821207,-500,0.0567999956433908
"289",5,0.338213335716286,0.277685560665908,-453.140301950982,0.0376376186639695
"290",5,0.179387533616747,1.7256895473896,-37.4532262933469,0.210515730156174
"291",5,0.297750936420051,0.574629553694605,-386.052030056538,0.0576393014201612
"292",5,0.181851630343804,0.944670551207421,-277.013251016735,0.0829362490496591
"293",5,0.282319521901923,1.54048806148793,-126.454708926979,0.126309888346538
"294",5,0.215345819808346,1.41868439440742,-116.173491036992,0.129614365996329
"295",5,0.355538423286375,1.1863434543399,-500,0.0703615855177762
"296",5,0.325587101546968,1.84014113781782,-3.26593797418394,0.425285550064861
"297",5,0.1,0.428707941528222,-407.492355980963,0.0542431146945241
"298",5,0.226521001533806,1.05401854045606,-466.666862766741,0.0719225454790857
"299",5,0.270950390535618,1.45789413336499,-319.223132320345,0.0896303540006449
"300",5,0.233019025509739,1.01118049059958,-1,0.506243689741669
"301",5,0.384576763318376,0.587139819101906,-384.180778821954,0.05616852584479
"302",5,0.1,0.699349578935492,-244.032679059203,0.0777388089115877
"303",5,0.106718929301146,1.18280597437697,-149.297732364176,0.113119653284564
"304",5,0.306816579856125,0.177046425583539,-92.4102290378568,0.0599996342895803
"305",5,0.332798166538925,0.796063992014992,-164.723212026379,0.0900203785158569
"306",5,0.240981038129478,1.02622415779164,-354.310555767377,0.077524880652761
"307",5,0.235859696239623,0.550497207518334,-299.291191520983,0.0633215018986162
"308",5,0.342928338174003,1.13487317852654,-309.664009943172,0.0808664488495249
"309",5,0.185303900072177,0.499497718853684,-143.323734500728,0.0824156717057372
"310",5,0.359198622936016,0.60812388501326,-1,0.493538021325609
"311",5,0.4,1.23063751092689,-113.953542077658,0.118869499023242
"312",5,0.373053554688591,1.93983070810324,-241.132743225661,0.102615531900074
"313",5,0.100646010997321,1.53773360096494,-55.5979909957803,0.17701798934787
"314",5,0.312809198272988,0.281426436664956,-252.625216402545,0.0476960562683927
"315",5,0.271631308771644,0.427297678370855,-164.882611190601,0.070793924255265
"316",5,0.305149903623666,1.8242976711239,-409.112611476048,0.087403656396442
"317",5,0.195027125050529,0.185736247237848,-65.5590272262878,0.0764238889164855
"318",5,0.121759764651545,0.535134210871933,-35.9423385854947,0.159297325779472
"319",5,0.330528108243764,1.75843763529547,-305.186125225016,0.0940871685711033
"320",5,0.191372918610068,1.55580580610063,-450.253954139212,0.0840963536210515
"321",6,0.1,0.001,-1,0.0586825165655092
"322",6,0.4,1.98218082797576,-489.548990792602,0.0624800495806828
"323",6,0.106026886910552,1.97626003688834,-500,0.0769707847587241
"324",6,0.106109310489888,0.0172277821404883,-495.837492031733,0.0521242009297964
"325",6,0.4,0.00507484599093432,-500,0.0266251569644328
"326",6,0.396890107003529,2,-1,0.469741813729941
"327",6,0.4,0.0411877903260842,-4.01837494308512,0.13224091165783
"328",6,0.1,2,-1,0.493051819821012
"329",6,0.270918861495852,1.34784022066477,-427.8403351646,0.0633633584893791
"330",6,0.322152532548479,1.0128715639535,-23.6368648849427,0.182111636199079
"331",6,0.163649858515057,1.00034159074585,-89.5880163353766,0.112035385955211
"332",6,0.248618594912892,0.001,-122.382821492023,0.038144736652927
"333",6,0.394560412076494,0.683680392047233,-278.175419722188,0.0521585068455692
"334",6,0.253664879284403,0.168515878139983,-388.391882789477,0.0366846973080912
"335",6,0.115636343495813,0.974866948399969,-354.111584356431,0.0688089808658215
"336",6,0.257471409615691,1.90061255365609,-166.410042209981,0.0974147797037008
"337",6,0.342261485235635,0.001,-185.36093099363,0.0306527427521543
"338",6,0.246333663604595,1.54036557959004,-17.1499778145913,0.229583560191589
"339",6,0.196022930561915,0.672904884186981,-408.919206425664,0.0535873504470379
"340",6,0.376223584716288,0.574902538114992,-111.900250887757,0.0719757179386089
"341",6,0.341712525770744,1.33506137647953,-204.945800342209,0.0776975822404265
"342",6,0.246853995724409,1.90603428960627,-339.402464775483,0.0765892202743498
"343",6,0.205257184124605,1.37415291603636,-270.044448856992,0.0778959770196789
"344",6,0.112888343893249,0.659257343174564,-494.660273847597,0.0573417953326522
"345",6,0.389693881972593,1.58729464005721,-363.129379766734,0.0648993514988044
"346",6,0.247559706195381,0.476926207373057,-5.99230619110108,0.276865460944156
"347",6,0.37279312981689,0.001,-338.612384270618,0.0286417058400877
"348",6,0.138240291588012,0.328548607799474,-230.089666240153,0.0539243413404035
"349",6,0.293926314578855,0.870430715703792,-300.89268747622,0.0599925411908796
"350",6,0.159810383916074,1.83167746783728,-153.330890632049,0.106570750497193
"351",6,0.258215893767565,1.09750371082224,-149.349380973683,0.0873432797329562
"352",6,0.331360813542647,0.694910009821207,-500,0.0451158568775714
"353",6,0.338213335716286,0.277685560665908,-453.140301950982,0.0333577465790505
"354",6,0.179387533616747,1.7256895473896,-37.4532262933469,0.180602922057042
"355",6,0.297750936420051,0.574629553694605,-386.052030056538,0.0466112424891904
"356",6,0.181851630343804,0.944670551207421,-277.013251016735,0.0693444163592062
"357",6,0.282319521901923,1.54048806148793,-126.454708926979,0.101586261858815
"358",6,0.215345819808346,1.41868439440742,-116.173491036992,0.107512564402957
"359",6,0.355538423286375,1.1863434543399,-500,0.0544231160018721
"360",6,0.325587101546968,1.84014113781782,-3.26593797418394,0.369801230209085
"361",6,0.1,0.428707941528222,-407.492355980963,0.0546242166939592
"362",6,0.226521001533806,1.05401854045606,-466.666862766741,0.058841781060043
"363",6,0.270950390535618,1.45789413336499,-319.223132320345,0.0713437192140725
"364",6,0.233019025509739,1.01118049059958,-1,0.481372937302577
"365",6,0.384576763318376,0.587139819101906,-384.180778821954,0.0437867955451313
"366",6,0.1,0.699349578935492,-244.032679059203,0.069780969089908
"367",6,0.106718929301146,1.18280597437697,-149.297732364176,0.0994158084087906
"368",6,0.306816579856125,0.177046425583539,-92.4102290378568,0.0489494355852508
"369",6,0.332798166538925,0.796063992014992,-164.723212026379,0.0711603802807448
"370",6,0.240981038129478,1.02622415779164,-354.310555767377,0.0626763213944783
"371",6,0.235859696239623,0.550497207518334,-299.291191520983,0.0527120278976207
"372",6,0.342928338174003,1.13487317852654,-309.664009943172,0.0633245034485302
"373",6,0.185303900072177,0.499497718853684,-143.323734500728,0.0697079848289715
"374",6,0.359198622936016,0.60812388501326,-1,0.458000873329498
"375",6,0.4,1.23063751092689,-113.953542077658,0.0925906278013042
"376",6,0.373053554688591,1.93983070810324,-241.132743225661,0.079582060630886
"377",6,0.100646010997321,1.53773360096494,-55.5979909957803,0.158109059854133
"378",6,0.312809198272988,0.281426436664956,-252.625216402545,0.0398678090806032
"379",6,0.271631308771644,0.427297678370855,-164.882611190601,0.0574523911132532
"380",6,0.305149903623666,1.8242976711239,-409.112611476048,0.0688490755739986
"381",6,0.195027125050529,0.185736247237848,-65.5590272262878,0.064798350431391
"382",6,0.121759764651545,0.535134210871933,-35.9423385854947,0.14159360174403
"383",6,0.330528108243764,1.75843763529547,-305.186125225016,0.073536182889084
"384",6,0.191372918610068,1.55580580610063,-450.253954139212,0.0693365696290556
"385",7,0.1,0.001,-1,0.0310901323503199
"386",7,0.4,1.98218082797576,-489.548990792602,0.0253198910826728
"387",7,0.106026886910552,1.97626003688834,-500,0.0352688988911055
"388",7,0.106109310489888,0.0172277821404883,-495.837492031733,0.0309965681513706
"389",7,0.4,0.00507484599093432,-500,0.0149779586143698
"390",7,0.396890107003529,2,-1,0.214430843758016
"391",7,0.4,0.0411877903260842,-4.01837494308512,0.0560155262978727
"392",7,0.1,2,-1,0.23341234980305
"393",7,0.270918861495852,1.34784022066477,-427.8403351646,0.0267961566269991
"394",7,0.322152532548479,1.0128715639535,-23.6368648849427,0.0784845376686806
"395",7,0.163649858515057,1.00034159074585,-89.5880163353766,0.048696815723475
"396",7,0.248618594912892,0.001,-122.382821492023,0.0214985468836152
"397",7,0.394560412076494,0.683680392047233,-278.175419722188,0.0214046291948307
"398",7,0.253664879284403,0.168515878139983,-388.391882789477,0.0204038151452012
"399",7,0.115636343495813,0.974866948399969,-354.111584356431,0.0325808176483974
"400",7,0.257471409615691,1.90061255365609,-166.410042209981,0.0413071486928366
"401",7,0.342261485235635,0.001,-185.36093099363,0.017182387087681
"402",7,0.246333663604595,1.54036557959004,-17.1499778145913,0.100700522320896
"403",7,0.196022930561915,0.672904884186981,-408.919206425664,0.0254758228904639
"404",7,0.376223584716288,0.574902538114992,-111.900250887757,0.0298325693689149
"405",7,0.341712525770744,1.33506137647953,-204.945800342209,0.0322197108732402
"406",7,0.246853995724409,1.90603428960627,-339.402464775483,0.0323253576707217
"407",7,0.205257184124605,1.37415291603636,-270.044448856992,0.033533775219125
"408",7,0.112888343893249,0.659257343174564,-494.660273847597,0.0301557528009655
"409",7,0.389693881972593,1.58729464005721,-363.129379766734,0.026450526907465
"410",7,0.247559706195381,0.476926207373057,-5.99230619110108,0.1225744523998
"411",7,0.37279312981689,0.001,-338.612384270618,0.0160328408940661
"412",7,0.138240291588012,0.328548607799474,-230.089666240153,0.0281635098212698
"413",7,0.293926314578855,0.870430715703792,-300.89268747622,0.0252832441301622
"414",7,0.159810383916074,1.83167746783728,-153.330890632049,0.0464226601700871
"415",7,0.258215893767565,1.09750371082224,-149.349380973683,0.0370255701884198
"416",7,0.331360813542647,0.694910009821207,-500,0.0195023797550668
"417",7,0.338213335716286,0.277685560665908,-453.140301950982,0.0166713083890112
"418",7,0.179387533616747,1.7256895473896,-37.4532262933469,0.0794135420969752
"419",7,0.297750936420051,0.574629553694605,-386.052030056538,0.0206524972647811
"420",7,0.181851630343804,0.944670551207421,-277.013251016735,0.0307819747249396
"421",7,0.282319521901923,1.54048806148793,-126.454708926979,0.0429759828735259
"422",7,0.215345819808346,1.41868439440742,-116.173491036992,0.0462875623156432
"423",7,0.355538423286375,1.1863434543399,-500,0.0224229696323278
"424",7,0.325587101546968,1.84014113781782,-3.26593797418394,0.164986282999325
"425",7,0.1,0.428707941528222,-407.492355980963,0.0304787481147857
"426",7,0.226521001533806,1.05401854045606,-466.666862766741,0.0259883429285088
"427",7,0.270950390535618,1.45789413336499,-319.223132320345,0.0299446768777725
"428",7,0.233019025509739,1.01118049059958,-1,0.224161374379539
"429",7,0.384576763318376,0.587139819101906,-384.180778821954,0.0183911213200407
"430",7,0.1,0.699349578935492,-244.032679059203,0.0335823548374396
"431",7,0.106718929301146,1.18280597437697,-149.297732364176,0.0442730435635697
"432",7,0.306816579856125,0.177046425583539,-92.4102290378568,0.0213518715135171
"433",7,0.332798166538925,0.796063992014992,-164.723212026379,0.029596087413487
"434",7,0.240981038129478,1.02622415779164,-354.310555767377,0.0269959053250444
"435",7,0.235859696239623,0.550497207518334,-299.291191520983,0.023942020516972
"436",7,0.342928338174003,1.13487317852654,-309.664009943172,0.0261224050392467
"437",7,0.185303900072177,0.499497718853684,-143.323734500728,0.0310174361388834
"438",7,0.359198622936016,0.60812388501326,-1,0.20923236436181
"439",7,0.4,1.23063751092689,-113.953542077658,0.0384417171890939
"440",7,0.373053554688591,1.93983070810324,-241.132743225661,0.0327468123843159
"441",7,0.100646010997321,1.53773360096494,-55.5979909957803,0.0707390509162413
"442",7,0.312809198272988,0.281426436664956,-252.625216402545,0.0185716176869758
"443",7,0.271631308771644,0.427297678370855,-164.882611190601,0.0248084988151464
"444",7,0.305149903623666,1.8242976711239,-409.112611476048,0.0285210442195558
"445",7,0.195027125050529,0.185736247237848,-65.5590272262878,0.0290850847304004
"446",7,0.121759764651545,0.535134210871933,-35.9423385854947,0.0631679613372424
"447",7,0.330528108243764,1.75843763529547,-305.186125225016,0.0303705470002673
"448",7,0.191372918610068,1.55580580610063,-450.253954139212,0.0303945516907774
"449",8,0.1,0.001,-1,0.0314676425221961
"450",8,0.4,1.98218082797576,-489.548990792602,0.0278553064688025
"451",8,0.106026886910552,1.97626003688834,-500,0.0346672266951521
"452",8,0.106109310489888,0.0172277821404883,-495.837492031733,0.0322634309283116
"453",8,0.4,0.00507484599093432,-500,0.0177320556573897
"454",8,0.396890107003529,2,-1,0.179852312134846
"455",8,0.4,0.0411877903260842,-4.01837494308512,0.0570798555644352
"456",8,0.1,2,-1,0.198946668561416
"457",8,0.270918861495852,1.34784022066477,-427.8403351646,0.0288533346090354
"458",8,0.322152532548479,1.0128715639535,-23.6368648849427,0.0764943868325239
"459",8,0.163649858515057,1.00034159074585,-89.5880163353766,0.0488529649311253
"460",8,0.248618594912892,0.001,-122.382821492023,0.025252058062731
"461",8,0.394560412076494,0.683680392047233,-278.175419722188,0.0239557812274282
"462",8,0.253664879284403,0.168515878139983,-388.391882789477,0.0233073979600952
"463",8,0.115636343495813,0.974866948399969,-354.111584356431,0.0329356804396469
"464",8,0.257471409615691,1.90061255365609,-166.410042209981,0.0428239323044177
"465",8,0.342261485235635,0.001,-185.36093099363,0.0204913993035404
"466",8,0.246333663604595,1.54036557959004,-17.1499778145913,0.0948507073658666
"467",8,0.196022930561915,0.672904884186981,-408.919206425664,0.0273795694418064
"468",8,0.376223584716288,0.574902538114992,-111.900250887757,0.0324772541446464
"469",8,0.341712525770744,1.33506137647953,-204.945800342209,0.0346480588041453
"470",8,0.246853995724409,1.90603428960627,-339.402464775483,0.034145186386484
"471",8,0.205257184124605,1.37415291603636,-270.044448856992,0.0348573796930535
"472",8,0.112888343893249,0.659257343174564,-494.660273847597,0.0303679926941813
"473",8,0.389693881972593,1.58729464005721,-363.129379766734,0.0290199395617452
"474",8,0.247559706195381,0.476926207373057,-5.99230619110108,0.113092770090995
"475",8,0.37279312981689,0.001,-338.612384270618,0.0190210220509217
"476",8,0.138240291588012,0.328548607799474,-230.089666240153,0.0291951445226034
"477",8,0.293926314578855,0.870430715703792,-300.89268747622,0.0274829361708856
"478",8,0.159810383916074,1.83167746783728,-153.330890632049,0.0463244666062786
"479",8,0.258215893767565,1.09750371082224,-149.349380973683,0.0386603813204707
"480",8,0.331360813542647,0.694910009821207,-500,0.0218347254630423
"481",8,0.338213335716286,0.277685560665908,-453.140301950982,0.0191081915444128
"482",8,0.179387533616747,1.7256895473896,-37.4532262933469,0.0759735481143747
"483",8,0.297750936420051,0.574629553694605,-386.052030056538,0.0229731029149492
"484",8,0.181851630343804,0.944670551207421,-277.013251016735,0.0321142737085142
"485",8,0.282319521901923,1.54048806148793,-126.454708926979,0.0444547803624924
"486",8,0.215345819808346,1.41868439440742,-116.173491036992,0.0466432761380195
"487",8,0.355538423286375,1.1863434543399,-500,0.0248508860525026
"488",8,0.325587101546968,1.84014113781782,-3.26593797418394,0.145273916058373
"489",8,0.1,0.428707941528222,-407.492355980963,0.0310180901486603
"490",8,0.226521001533806,1.05401854045606,-466.666862766741,0.0276867290565605
"491",8,0.270950390535618,1.45789413336499,-319.223132320345,0.0320353631416304
"492",8,0.233019025509739,1.01118049059958,-1,0.19126698983846
"493",8,0.384576763318376,0.587139819101906,-384.180778821954,0.0208232253534589
"494",8,0.1,0.699349578935492,-244.032679059203,0.033477959661708
"495",8,0.106718929301146,1.18280597437697,-149.297732364176,0.0429317851352373
"496",8,0.306816579856125,0.177046425583539,-92.4102290378568,0.0237195735572765
"497",8,0.332798166538925,0.796063992014992,-164.723212026379,0.0319398771554048
"498",8,0.240981038129478,1.02622415779164,-354.310555767377,0.0290045515870783
"499",8,0.235859696239623,0.550497207518334,-299.291191520983,0.0260798633849997
"500",8,0.342928338174003,1.13487317852654,-309.664009943172,0.0285202216821065
"501",8,0.185303900072177,0.499497718853684,-143.323734500728,0.0322736270006002
"502",8,0.359198622936016,0.60812388501326,-1,0.176920416305469
"503",8,0.4,1.23063751092689,-113.953542077658,0.0407655456628724
"504",8,0.373053554688591,1.93983070810324,-241.132743225661,0.0351465634836619
"505",8,0.100646010997321,1.53773360096494,-55.5979909957803,0.0661525281521994
"506",8,0.312809198272988,0.281426436664956,-252.625216402545,0.0210513447942011
"507",8,0.271631308771644,0.427297678370855,-164.882611190601,0.0271191236090595
"508",8,0.305149903623666,1.8242976711239,-409.112611476048,0.0306103813811176
"509",8,0.195027125050529,0.185736247237848,-65.5590272262878,0.0304876951413111
"510",8,0.121759764651545,0.535134210871933,-35.9423385854947,0.0608030648868763
"511",8,0.330528108243764,1.75843763529547,-305.186125225016,0.0326553551102412
"512",8,0.191372918610068,1.55580580610063,-450.253954139212,0.0315797803316071
"513",9,0.1,0.001,-1,0.00715896812161818
"514",9,0.4,1.98218082797576,-489.548990792602,0.00761584280861138
"515",9,0.106026886910552,1.97626003688834,-500,0.00814882196450493
"516",9,0.106109310489888,0.0172277821404883,-495.837492031733,0.00746354968798791
"517",9,0.4,0.00507484599093432,-500,0.00422550591057416
"518",9,0.396890107003529,2,-1,0.0510060336695133
"519",9,0.4,0.0411877903260842,-4.01837494308512,0.0151157158950892
"520",9,0.1,2,-1,0.0500614363258605
"521",9,0.270918861495852,1.34784022066477,-427.8403351646,0.00742634511864739
"522",9,0.322152532548479,1.0128715639535,-23.6368648849427,0.0195193351688366
"523",9,0.163649858515057,1.00034159074585,-89.5880163353766,0.0116911664639785
"524",9,0.248618594912892,0.001,-122.382821492023,0.00593601443028059
"525",9,0.394560412076494,0.683680392047233,-278.175419722188,0.00653086730899016
"526",9,0.253664879284403,0.168515878139983,-388.391882789477,0.0055745531165234
"527",9,0.115636343495813,0.974866948399969,-354.111584356431,0.00753056583493862
"528",9,0.257471409615691,1.90061255365609,-166.410042209981,0.0108626670748242
"529",9,0.342261485235635,0.001,-185.36093099363,0.00482131852888871
"530",9,0.246333663604595,1.54036557959004,-17.1499778145913,0.0236801126020858
"531",9,0.196022930561915,0.672904884186981,-408.919206425664,0.00661006678759669
"532",9,0.376223584716288,0.574902538114992,-111.900250887757,0.00879558082192058
"533",9,0.341712525770744,1.33506137647953,-204.945800342209,0.00920206069210164
"534",9,0.246853995724409,1.90603428960627,-339.402464775483,0.00873216162004545
"535",9,0.205257184124605,1.37415291603636,-270.044448856992,0.00867766115595797
"536",9,0.112888343893249,0.659257343174564,-494.660273847597,0.00686279833701955
"537",9,0.389693881972593,1.58729464005721,-363.129379766734,0.00789814863627414
"538",9,0.247559706195381,0.476926207373057,-5.99230619110108,0.0279631878767932
"539",9,0.37279312981689,0.001,-338.612384270618,0.00448924546900084
"540",9,0.138240291588012,0.328548607799474,-230.089666240153,0.00674392055219879
"541",9,0.293926314578855,0.870430715703792,-300.89268747622,0.00718012996397407
"542",9,0.159810383916074,1.83167746783728,-153.330890632049,0.0111306862375781
"543",9,0.258215893767565,1.09750371082224,-149.349380973683,0.0098962481305584
"544",9,0.331360813542647,0.694910009821207,-500,0.00573937624106147
"545",9,0.338213335716286,0.277685560665908,-453.140301950982,0.00478383476075367
"546",9,0.179387533616747,1.7256895473896,-37.4532262933469,0.0182950755952948
"547",9,0.297750936420051,0.574629553694605,-386.052030056538,0.00589086549808191
"548",9,0.181851630343804,0.944670551207421,-277.013251016735,0.00779658861552833
"549",9,0.282319521901923,1.54048806148793,-126.454708926979,0.0114548822772849
"550",9,0.215345819808346,1.41868439440742,-116.173491036992,0.0116684960368061
"551",9,0.355538423286375,1.1863434543399,-500,0.00665688593335632
"552",9,0.325587101546968,1.84014113781782,-3.26593797418394,0.0384724903732035
"553",9,0.1,0.428707941528222,-407.492355980963,0.00698085894328816
"554",9,0.226521001533806,1.05401854045606,-466.666862766741,0.00697885304525957
"555",9,0.270950390535618,1.45789413336499,-319.223132320345,0.00825505235701059
"556",9,0.233019025509739,1.01118049059958,-1,0.0489211937608272
"557",9,0.384576763318376,0.587139819101906,-384.180778821954,0.00559784422630593
"558",9,0.1,0.699349578935492,-244.032679059203,0.00767273260089316
"559",9,0.106718929301146,1.18280597437697,-149.297732364176,0.0102498084704941
"560",9,0.306816579856125,0.177046425583539,-92.4102290378568,0.00616321366263978
"561",9,0.332798166538925,0.796063992014992,-164.723212026379,0.00851732834602829
"562",9,0.240981038129478,1.02622415779164,-354.310555767377,0.00736431759746452
"563",9,0.235859696239623,0.550497207518334,-299.291191520983,0.0064720196655939
"564",9,0.342928338174003,1.13487317852654,-309.664009943172,0.00763041610576942
"565",9,0.185303900072177,0.499497718853684,-143.323734500728,0.00791674619132062
"566",9,0.359198622936016,0.60812388501326,-1,0.0480349130310603
"567",9,0.4,1.23063751092689,-113.953542077658,0.0109960261327628
"568",9,0.373053554688591,1.93983070810324,-241.132743225661,0.0094815660682027
"569",9,0.100646010997321,1.53773360096494,-55.5979909957803,0.0156173667873036
"570",9,0.312809198272988,0.281426436664956,-252.625216402545,0.00532806425149839
"571",9,0.271631308771644,0.427297678370855,-164.882611190601,0.00693817567491455
"572",9,0.305149903623666,1.8242976711239,-409.112611476048,0.00802272303447671
"573",9,0.195027125050529,0.185736247237848,-65.5590272262878,0.00753872097057922
"574",9,0.121759764651545,0.535134210871933,-35.9423385854947,0.014138909890864
"575",9,0.330528108243764,1.75843763529547,-305.186125225016,0.00865172863525575
"576",9,0.191372918610068,1.55580580610063,-450.253954139212,0.00780682589947875
